102 416 5
1 2 40 29
1 3 41 29
1 4 17 34
1 5 13 11
1 6 25 3
1 7 24 48
1 8 35 29
1 9 2 16
1 10 42 6
1 11 38 14
2 12 50 44
2 13 26 17
3 12 42 45
3 13 19 10
3 14 30 10
4 13 5 42
4 14 13 8
4 15 26 11
5 14 33 35
5 15 7 36
5 16 39 13
6 15 32 32
6 16 35 24
6 17 43 26
7 16 20 43
7 17 25 30
7 18 44 30
8 17 23 16
8 18 33 24
8 19 16 33
9 18 18 20
9 19 38 32
9 20 35 13
10 19 48 10
10 20 2 44
10 21 7 9
11 20 36 3
11 21 5 13
12 13 11 20
12 22 28 40
12 23 44 35
13 12 5 50
13 14 5 12
13 22 3 9
13 23 1 49
13 24 16 33
14 13 22 37
14 15 23 28
14 23 25 47
14 24 17 50
14 25 30 20
15 14 30 19
15 16 42 15
15 24 28 27
15 25 50 21
15 26 31 28
16 15 19 42
16 17 15 14
16 25 32 44
16 26 35 4
16 27 27 35
17 16 14 4
17 18 30 44
17 26 46 37
17 27 45 48
17 28 6 22
18 17 33 49
18 19 20 22
18 27 26 3
18 28 45 21
18 29 11 22
19 18 10 28
19 20 34 4
19 28 7 17
19 29 19 22
19 30 25 14
20 19 15 38
20 21 16 32
20 29 24 21
20 30 11 44
20 31 43 18
21 20 2 11
21 30 21 12
21 31 31 6
22 23 45 28
22 32 25 8
22 33 25 46
23 22 4 6
23 24 8 44
23 32 18 4
23 33 45 30
23 34 41 21
24 23 10 37
24 25 35 38
24 33 50 17
24 34 28 43
24 35 42 30
25 24 32 43
25 26 21 33
25 34 6 29
25 35 46 3
25 36 47 5
26 25 40 35
26 27 26 48
26 35 50 21
26 36 22 2
26 37 39 22
27 26 8 7
27 28 6 27
27 36 29 5
27 37 18 31
27 38 14 1
28 27 10 38
28 29 19 21
28 37 41 5
28 38 15 31
28 39 36 30
29 28 24 43
29 30 35 18
29 38 27 18
29 39 27 18
29 40 25 39
30 29 48 3
30 31 36 7
30 39 47 26
30 40 18 33
30 41 37 42
31 30 43 35
31 40 48 36
31 41 9 46
32 33 32 46
32 42 33 5
32 43 43 3
33 32 24 7
33 34 49 32
33 42 36 19
33 43 45 18
33 44 15 16
34 33 9 5
34 35 4 12
34 43 18 37
34 44 50 18
34 45 35 22
35 34 7 25
35 36 11 40
35 44 31 27
35 45 9 46
35 46 1 11
36 35 31 5
36 37 24 18
36 45 1 32
36 46 49 8
36 47 50 13
37 36 41 40
37 38 26 49
37 46 42 1
37 47 38 44
37 48 24 29
38 37 5 18
38 39 7 20
38 47 40 1
38 48 4 29
38 49 12 41
39 38 41 9
39 40 47 19
39 48 31 21
39 49 8 45
39 50 1 17
40 39 34 35
40 41 6 35
40 49 23 13
40 50 8 2
40 51 20 37
41 40 50 49
41 50 30 43
41 51 48 5
42 43 15 40
42 52 50 32
42 53 36 43
43 42 13 39
43 44 36 25
43 52 49 6
43 53 16 2
43 54 14 21
44 43 23 10
44 45 8 39
44 53 47 29
44 54 42 48
44 55 17 41
45 44 45 3
45 46 38 30
45 54 48 37
45 55 3 35
45 56 39 37
46 45 44 12
46 47 49 3
46 55 7 26
46 56 37 24
46 57 9 21
47 46 7 23
47 48 13 14
47 56 49 20
47 57 12 35
47 58 24 43
48 47 6 3
48 49 2 32
48 57 32 13
48 58 2 37
48 59 50 8
49 48 43 27
49 50 2 8
49 58 39 6
49 59 2 50
49 60 43 42
50 49 27 36
50 51 47 31
50 59 8 20
50 60 43 41
50 61 41 9
51 50 18 1
51 60 23 20
51 61 18 25
52 53 18 14
52 62 39 31
52 63 39 40
53 52 31 32
53 54 50 11
53 62 40 2
53 63 16 45
53 64 39 4
54 53 49 15
54 55 20 11
54 63 26 35
54 64 32 28
54 65 26 8
55 54 28 49
55 56 17 35
55 64 10 21
55 65 11 7
55 66 23 37
56 55 7 46
56 57 35 20
56 65 46 34
56 66 46 36
56 67 45 13
57 56 3 18
57 58 44 14
57 66 32 19
57 67 50 44
57 68 7 24
58 57 47 42
58 59 5 32
58 67 34 4
58 68 47 46
58 69 41 40
59 58 50 37
59 60 4 3
59 68 47 44
59 69 50 15
59 70 3 9
60 59 4 49
60 61 33 37
60 69 42 24
60 70 27 48
60 71 24 16
61 60 23 33
61 70 9 41
61 71 16 41
62 63 10 28
62 72 27 16
62 73 33 37
63 62 13 48
63 64 13 41
63 72 2 48
63 73 32 18
63 74 27 33
64 63 49 49
64 65 38 1
64 73 23 49
64 74 26 24
64 75 44 6
65 64 22 43
65 66 23 40
65 74 41 15
65 75 28 47
65 76 43 35
66 65 4 9
66 67 23 34
66 75 17 48
66 76 18 35
66 77 28 15
67 66 28 9
67 68 42 2
67 76 2 46
67 77 42 33
67 78 22 11
68 67 28 36
68 69 37 21
68 77 19 9
68 78 7 9
68 79 46 42
69 68 12 7
69 70 9 10
69 78 44 44
69 79 43 15
69 80 47 2
70 69 8 11
70 71 15 27
70 79 48 49
70 80 42 4
70 81 47 5
71 70 33 2
71 80 1 37
71 81 14 27
72 73 1 17
72 82 23 30
72 83 10 46
73 72 3 46
73 74 37 33
73 82 20 32
73 83 37 47
73 84 15 15
74 73 14 29
74 75 14 46
74 83 30 30
74 84 48 26
74 85 1 3
75 74 30 40
75 76 5 21
75 84 6 38
75 85 43 35
75 86 43 3
76 75 48 38
76 77 23 37
76 85 31 18
76 86 12 16
76 87 31 26
77 76 29 10
77 78 11 47
77 86 23 36
77 87 21 12
77 88 23 33
78 77 38 9
78 79 34 1
78 87 28 33
78 88 39 20
78 89 37 1
79 78 28 10
79 80 41 48
79 88 15 12
79 89 22 42
79 90 32 30
80 79 12 2
80 81 28 43
80 89 14 36
80 90 33 25
80 91 2 9
81 80 27 22
81 90 18 3
81 91 2 34
82 83 35 7
82 92 26 37
82 93 42 42
83 82 26 48
83 84 44 25
83 92 26 43
83 93 28 26
83 94 24 48
84 83 34 48
84 85 34 46
84 93 17 9
84 94 26 40
84 95 2 46
85 84 46 8
85 86 34 40
85 94 32 5
85 95 29 14
85 96 30 43
86 85 26 12
86 87 23 7
86 95 17 20
86 96 13 29
86 97 38 23
87 86 48 42
87 88 3 29
87 96 41 25
87 97 22 28
87 98 10 3
88 87 5 9
88 89 36 10
88 97 45 29
88 98 31 4
88 99 6 19
89 88 19 4
89 90 5 7
89 98 20 8
89 99 43 45
89 100 15 24
90 89 47 45
90 91 1 16
90 99 43 37
90 100 17 36
90 101 33 8
91 90 2 2
91 100 5 32
91 101 16 47
92 102 39 6
93 102 45 26
94 102 34 8
95 102 28 16
96 102 12 33
97 102 42 10
98 102 9 6
99 102 14 35
100 102 49 10
101 102 20 11
